true 0.16662720666508826 5.925815681152453 12.938611585408134 1.3029560017683997 -0.040398065266130045 0.01848633632280972 -0.0004847896453582427 0.11840865000032033 
true 0.16002612885002473 5.933027860223446 12.949589619378498 1.3220076335718611 -0.0404387014426545 0.018498190700577347 -0.0004848975586380007 0.11862224079354514 
true 0.15355840614233623 5.939329195617141 12.95872755493505 1.340372872390989 -0.040473336340531955 0.01850750535646269 -0.0004849736478373455 0.11882378533555049 
true 0.14722403854202276 5.944792491567322 12.96624201510794 1.3580829500487517 -0.040502593155989204 0.018514647919977208 -0.00048502890526770995 0.11901485603822086 
true 0.14102302604908432 5.94948053071462 12.972309326962893 1.3751615713145413 -0.04052698791472316 0.018519910718461745 -0.00048506983914358 0.11919667969273769 
true 0.13495536866352087 5.9534466275913935 12.977072510794974 1.3916266759802873 -0.04054694526144588 0.01852352623188814 -0.0004850999110738045 0.11937021687203275 
true 0.12902106638533245 5.956735657721194 12.980647182265855 1.4074917328321555 -0.04056281312759342 0.018525679012460154 -0.00048512044319054293 0.11953622871931494 
true 0.12322011921451906 5.959385224649798 12.983126374280271 1.4227667512333737 -0.040574875492986356 0.018526514766919418 -0.00048513116221143973 0.11969532844698996 
true 0.11755252715108068 5.96142675850843 12.984584362318243 1.4374590731815895 -0.040583362924062984 0.01852614721554705 -0.0004851305155761408 0.11984801938261187 
true 0.11201829019501733 5.962886453218715 12.985079630937824 1.4515739804690975 -0.040588460952838884 0.018524663241295335 -0.00048511585039291716 0.11999472259555193 
true 0.10661740834632898 5.963813562952848 12.984719016374811 1.4651165013560925 -0.04059050678938744 0.01852221640167187 -0.00048509030531593625 0.12013566720450651 
true 0.10134988160501567 5.964848219777003 12.984934181986807 1.478125198867834 -0.04059391303078658 0.018520877399108335 -0.00048520451209524754 0.12026826966664043 
true 0.09621570997107738 5.965859404035203 12.985422791670116 1.490608015139085 -0.04059776344322153 0.01852020319819737 -0.0004854209917813237 0.12039357820390834 
true 0.0912148934445141 5.966754297569185 12.985966436310177 1.502571013081247 -0.04060140113326802 0.018519870357871285 -0.0004857106397769062 0.12051239884856929 
true 0.08634743202532585 5.967509526414815 12.98650092309688 1.514022334313444 -0.040604644769545326 0.01851977707818086 -0.00048606109367894175 0.12062517058368782 
true 0.08161332571351261 5.968120117812147 12.987001780075836 1.5249704396905905 -0.04060743652189847 0.018519877512740368 -0.00048646430856227153 0.12073221563307807 
true 0.07701257450907441 5.96858895897004 12.987460756889428 1.5354238483746188 -0.04060976968372462 0.018520147909735014 -0.0004869140058402304 0.1208337948647454 
true 0.07254517841201122 5.968922930911176 12.987877323182756 1.5453910704270237 -0.04061166238110959 0.018520574476864445 -0.00048740474274441424 0.12093013003015354 
true 0.06821113742232304 5.969131118071586 12.9882548300586 1.5548805798218677 -0.04061314560812054 0.018521147998144798 -0.0004879314945388309 0.12102141520809176 
true 0.0640104515400099 5.9692238594913745 12.988598559707716 1.5639007995941128 -0.040614257063142443 0.0185218611813846 -0.0004884894401963014 0.12110782362321815 
true 0.059943120765071765 5.969212192701893 12.98891465322243 1.5724600866205876 -0.04061503768482687 0.018522707272444257 -0.0004890738509184738 0.12118951210973468 
true 0.056009145097508664 5.969107503319431 12.98920949498522 1.5805667160111114 -0.04061552959412355 0.018523679324481207 -0.0004896800307484454 0.12126662423773343 
true 0.052208524537320576 5.968921291712039 12.989489352929722 1.5882288650834375 -0.04061577482778586 0.018524769830297164 -0.0004903032880584511 0.12133929261647576 
true 0.04854125908450751 5.968665007534856 12.989760163262105 1.5954545970321534 -0.04061581452229803 0.01852597055582205 -0.0004909389259566944 0.1214076406487953 
true 0.04500734873906946 5.968349929673958 12.990027407787144 1.6022518454721106 -0.04061568839050211 0.01852727249844945 -0.0004915822441908911 0.12147178393235364 
true 0.041606793501006434 5.967987072928908 12.990296042483958 1.6086284039739964 -0.04061543436437934 0.01852866591138054 -0.0004922285488449551 0.12153183127158398 
true 0.03833959337031843 5.96758711881526 12.990570467575912 1.6145919108585536 -0.040615088375652475 0.018530140375268626 -0.0004928731666337351 0.12158788578556083 
true 0.03520574834700544 5.967160356910339 12.990854513804571 1.6201498469916984 -0.040614684195510724 0.01853168488726023 -0.0004935114635104017 0.1216400454720927 
true 0.03220525843106748 5.96671664018137 12.991151447377867 1.6253095316026895 -0.04061425334242788 0.01853328796440458 -0.0004941388634301966 0.12168840395293291 
true 0.029338123622504535 5.966265347588967 12.991463981739523 1.6300781240716808 -0.040613825020975554 0.01853493774838487 -0.0004947508706905606 0.12173305101363999 
true 0.026604343921316612 5.965815354933098 12.991794297906683 1.6344626317687716 -0.04061342609663423 0.01853662211335093 -0.0004953430916936472 0.12177407309816082 
true 0.02400391932750371 5.96537500994997 12.992144065154827 1.6384699232816409 -0.040613081080879486 0.018538328765762387 -0.000495911257875705 0.12181155375665775 
true 0.021536849841065832 5.96495211385149 12.992514467666464 1.6421067485933818 -0.04061281214302269 0.018540045344983002 -0.0004964512489709453 0.12184557406595205 
true 0.01920313546200297 5.964553905755779 12.9929062303294 1.6453797657792668 -0.040612639126805364 0.018541759515873845 -0.0004969591173042097 0.12187621303406312 
true 0.01700277619031513 5.964187049773659 12.993319644271708 1.6482955772234387 -0.04061257957239611 0.01854345905524936 -0.0004974311118997051 0.12190354801370713 
true 0.01493577202600231 5.9638576253518565 12.993754594845068 1.6508607742731332 -0.040612648750702904 0.018545131937355738 -0.0004978637042693218 0.12192765513615896 
true 0.013002122969064509 5.963571117264429 12.994210585666828 1.6530819942396264 -0.04061285968865706 0.018546766410703658 -0.0004982536149500471 0.12194860979602182 
true 0.011201829019501732 5.9633324055415455 12.99468676130733 1.6549659903809686 -0.040613223191323815 0.01854835107172035 -0.0004985978419907954 0.1219664872085347 
true 0.009534890177313975 5.96314575376555 12.995181927427724 1.6565197190181795 -0.04061374785474033 0.018549874935600206 -0.0004988936917857019 0.12198136308212197 
true 0.008001306442501237 5.963014791847827 12.995694562802372 1.6577504490155721 -0.04061444004909621 0.01855132749916071 -0.0004991388132924114 0.12199331443927418 
true 0.0066010778150635205 5.9629424917482 12.996222823345333 1.65866589822245 -0.04061530386864922 0.018552698798998787 -0.0004993312370398412 0.12200242069378159 
true 0.005334204295000825 5.962931133997509 12.99676453857688 1.6592744097077778 -0.04061634104433228 0.018553979470351412 -0.0004994694210128817 0.12200876500920764 
true 0.00420068588231315 5.962982250688823 12.997317175247831 1.6595851766174112 -0.04061755073383656 0.018555160776159887 -0.0004995523052794447 0.1220124360979116 
true 0.0032005225770004946 5.963096559723588 12.997877808397794 1.6596085394863231 -0.04061892930541591 0.018556234670982826 -0.0004995793811909415 0.12201353069327392 
true 0.0023337143790628607 5.9632738495807835 12.998443020433312 1.6593563660679926 -0.040620469858341744 0.018557193795459035 -0.0004995507749265169 0.12201215661591569 
true 0.0016002612885002473 5.963508871223819 12.999002325664359 1.6588535787706817 -0.040622139319271174 0.018558024385261263 -0.0004994694034133804 0.12200852587807039 
true 0.0010001633053126546 5.963639817597299 12.999305925117591 1.6585676315706726 -0.04062305376197746 0.01855846854523702 -0.0004994222325446144 0.12200643985303847 
true 0.0005334204295000825 5.963692729032803 12.999432435738468 1.658455621058316 -0.04062343078732522 0.01855865691832524 -0.0004994040325202967 0.12200563512922942 
true 0.0002000326610625309 5.963710178584322 12.999474512069968 1.6584190165294992 -0.0406235558219284 0.018558719864715238 -0.0004993981096717537 0.1220053733110538 
true 0.0 5.963713007087376 12.99948134789672 1.6584130970338573 -0.04062357611978672 0.018558730103857064 -0.0004993971529679529 0.1220053310292062 
true 0.16662720666508826 5.925815681152453 12.938611585408134 1.3029560017683997 -0.040398065266130045 0.01848633632280972 -0.0004847896453582427 0.11840865000032033 
true 0.16002612885002473 5.933027860223446 12.949589619378498 1.3220076335718611 -0.0404387014426545 0.018498190700577347 -0.0004848975586380007 0.11862224079354514 
true 0.15355840614233623 5.939329195617141 12.95872755493505 1.340372872390989 -0.040473336340531955 0.01850750535646269 -0.0004849736478373455 0.11882378533555049 
true 0.14722403854202276 5.944792491567322 12.96624201510794 1.3580829500487517 -0.040502593155989204 0.018514647919977208 -0.00048502890526770995 0.11901485603822086 
true 0.14102302604908432 5.94948053071462 12.972309326962893 1.3751615713145413 -0.04052698791472316 0.018519910718461745 -0.00048506983914358 0.11919667969273769 
true 0.13495536866352087 5.9534466275913935 12.977072510794974 1.3916266759802873 -0.04054694526144588 0.01852352623188814 -0.0004850999110738045 0.11937021687203275 
true 0.12902106638533245 5.956735657721194 12.980647182265855 1.4074917328321555 -0.04056281312759342 0.018525679012460154 -0.00048512044319054293 0.11953622871931494 
true 0.12322011921451906 5.959385224649798 12.983126374280271 1.4227667512333737 -0.040574875492986356 0.018526514766919418 -0.00048513116221143973 0.11969532844698996 
true 0.11755252715108068 5.96142675850843 12.984584362318243 1.4374590731815895 -0.040583362924062984 0.01852614721554705 -0.0004851305155761408 0.11984801938261187 
true 0.11201829019501733 5.962886453218715 12.985079630937824 1.4515739804690975 -0.040588460952838884 0.018524663241295335 -0.00048511585039291716 0.11999472259555193 
true 0.10661740834632898 5.963813562952848 12.984719016374811 1.4651165013560925 -0.04059050678938744 0.01852221640167187 -0.00048509030531593625 0.12013566720450651 
true 0.10134988160501567 5.964848219777003 12.984934181986807 1.478125198867834 -0.04059391303078658 0.018520877399108335 -0.00048520451209524754 0.12026826966664043 
true 0.09621570997107738 5.965859404035203 12.985422791670116 1.490608015139085 -0.04059776344322153 0.01852020319819737 -0.0004854209917813237 0.12039357820390834 
true 0.0912148934445141 5.966754297569185 12.985966436310177 1.502571013081247 -0.04060140113326802 0.018519870357871285 -0.0004857106397769062 0.12051239884856929 
true 0.08634743202532585 5.967509526414815 12.98650092309688 1.514022334313444 -0.040604644769545326 0.01851977707818086 -0.00048606109367894175 0.12062517058368782 
true 0.08161332571351261 5.968120117812147 12.987001780075836 1.5249704396905905 -0.04060743652189847 0.018519877512740368 -0.00048646430856227153 0.12073221563307807 
true 0.07701257450907441 5.96858895897004 12.987460756889428 1.5354238483746188 -0.04060976968372462 0.018520147909735014 -0.0004869140058402304 0.1208337948647454 
true 0.07254517841201122 5.968922930911176 12.987877323182756 1.5453910704270237 -0.04061166238110959 0.018520574476864445 -0.00048740474274441424 0.12093013003015354 
true 0.06821113742232304 5.969131118071586 12.9882548300586 1.5548805798218677 -0.04061314560812054 0.018521147998144798 -0.0004879314945388309 0.12102141520809176 
true 0.0640104515400099 5.9692238594913745 12.988598559707716 1.5639007995941128 -0.040614257063142443 0.0185218611813846 -0.0004884894401963014 0.12110782362321815 
true 0.059943120765071765 5.969212192701893 12.98891465322243 1.5724600866205876 -0.04061503768482687 0.018522707272444257 -0.0004890738509184738 0.12118951210973468 
true 0.056009145097508664 5.969107503319431 12.98920949498522 1.5805667160111114 -0.04061552959412355 0.018523679324481207 -0.0004896800307484454 0.12126662423773343 
true 0.052208524537320576 5.968921291712039 12.989489352929722 1.5882288650834375 -0.04061577482778586 0.018524769830297164 -0.0004903032880584511 0.12133929261647576 
true 0.04854125908450751 5.968665007534856 12.989760163262105 1.5954545970321534 -0.04061581452229803 0.01852597055582205 -0.0004909389259566944 0.1214076406487953 
true 0.04500734873906946 5.968349929673958 12.990027407787144 1.6022518454721106 -0.04061568839050211 0.01852727249844945 -0.0004915822441908911 0.12147178393235364 
true 0.041606793501006434 5.967987072928908 12.990296042483958 1.6086284039739964 -0.04061543436437934 0.01852866591138054 -0.0004922285488449551 0.12153183127158398 
true 0.03833959337031843 5.96758711881526 12.990570467575912 1.6145919108585536 -0.040615088375652475 0.018530140375268626 -0.0004928731666337351 0.12158788578556083 
true 0.03520574834700544 5.967160356910339 12.990854513804571 1.6201498469916984 -0.040614684195510724 0.01853168488726023 -0.0004935114635104017 0.1216400454720927 
true 0.03220525843106748 5.96671664018137 12.991151447377867 1.6253095316026895 -0.04061425334242788 0.01853328796440458 -0.0004941388634301966 0.12168840395293291 
true 0.029338123622504535 5.966265347588967 12.991463981739523 1.6300781240716808 -0.040613825020975554 0.01853493774838487 -0.0004947508706905606 0.12173305101363999 
true 0.026604343921316612 5.965815354933098 12.991794297906683 1.6344626317687716 -0.04061342609663423 0.01853662211335093 -0.0004953430916936472 0.12177407309816082 
true 0.02400391932750371 5.96537500994997 12.992144065154827 1.6384699232816409 -0.040613081080879486 0.018538328765762387 -0.000495911257875705 0.12181155375665775 
true 0.021536849841065832 5.96495211385149 12.992514467666464 1.6421067485933818 -0.04061281214302269 0.018540045344983002 -0.0004964512489709453 0.12184557406595205 
true 0.01920313546200297 5.964553905755779 12.9929062303294 1.6453797657792668 -0.040612639126805364 0.018541759515873845 -0.0004969591173042097 0.12187621303406312 
true 0.01700277619031513 5.964187049773659 12.993319644271708 1.6482955772234387 -0.04061257957239611 0.01854345905524936 -0.0004974311118997051 0.12190354801370713 
true 0.01493577202600231 5.9638576253518565 12.993754594845068 1.6508607742731332 -0.040612648750702904 0.018545131937355738 -0.0004978637042693218 0.12192765513615896 
true 0.013002122969064509 5.963571117264429 12.994210585666828 1.6530819942396264 -0.04061285968865706 0.018546766410703658 -0.0004982536149500471 0.12194860979602182 
true 0.011201829019501732 5.9633324055415455 12.99468676130733 1.6549659903809686 -0.040613223191323815 0.01854835107172035 -0.0004985978419907954 0.1219664872085347 
true 0.009534890177313975 5.96314575376555 12.995181927427724 1.6565197190181795 -0.04061374785474033 0.018549874935600206 -0.0004988936917857019 0.12198136308212197 
true 0.008001306442501237 5.963014791847827 12.995694562802372 1.6577504490155721 -0.04061444004909621 0.01855132749916071 -0.0004991388132924114 0.12199331443927418 
true 0.0066010778150635205 5.9629424917482 12.996222823345333 1.65866589822245 -0.04061530386864922 0.018552698798998787 -0.0004993312370398412 0.12200242069378159 
true 0.005334204295000825 5.962931133997509 12.99676453857688 1.6592744097077778 -0.04061634104433228 0.018553979470351412 -0.0004994694210128817 0.12200876500920764 
true 0.00420068588231315 5.962982250688823 12.997317175247831 1.6595851766174112 -0.04061755073383656 0.018555160776159887 -0.0004995523052794447 0.1220124360979116 
true 0.0032005225770004946 5.963096559723588 12.997877808397794 1.6596085394863231 -0.04061892930541591 0.018556234670982826 -0.0004995793811909415 0.12201353069327392 
true 0.0023337143790628607 5.9632738495807835 12.998443020433312 1.6593563660679926 -0.040620469858341744 0.018557193795459035 -0.0004995507749265169 0.12201215661591569 
true 0.0016002612885002473 5.963508871223819 12.999002325664359 1.6588535787706817 -0.040622139319271174 0.018558024385261263 -0.0004994694034133804 0.12200852587807039 
true 0.0010001633053126546 5.963639817597299 12.999305925117591 1.6585676315706726 -0.04062305376197746 0.01855846854523702 -0.0004994222325446144 0.12200643985303847 
true 0.0005334204295000825 5.963692729032803 12.999432435738468 1.658455621058316 -0.04062343078732522 0.01855865691832524 -0.0004994040325202967 0.12200563512922942 
true 0.0002000326610625309 5.963710178584322 12.999474512069968 1.6584190165294992 -0.0406235558219284 0.018558719864715238 -0.0004993981096717537 0.1220053733110538 
true 0.0 5.963713007087376 12.99948134789672 1.6584130970338573 -0.04062357611978672 0.018558730103857064 -0.0004993971529679529 0.1220053310292062 
